A   Z   Value
118.0   46.0   3.542802
118.0   45.0   7.104713
118.0   47.0   0.672702
118.0   44.0   11.373314
118.0   48.0   0.1
119.0   46.0   3.852303
119.0   45.0   7.40891
119.0   47.0   1.164125
119.0   44.0   11.648298
119.0   48.0   0.1
120.0   47.0   2.338357
120.0   46.0   4.413502
120.0   48.0   0.733703
120.0   45.0   7.686664
120.0   49.0   0.054083
121.0   47.0   2.542573
121.0   46.0   4.770385
121.0   48.0   0.735534
121.0   45.0   7.816892
121.0   49.0   0.11224
122.0   48.0   0.989685
122.0   47.0   2.546395
122.0   49.0   0.05442
122.0   46.0   5.063831
122.0   50.0   0.0
123.0   48.0   0.9225
123.0   47.0   2.836331
123.0   49.0   0.159486
123.0   46.0   5.149271
123.0   50.0   0.0
124.0   49.0   0.11314
124.0   48.0   1.443827
124.0   50.0   0.0
124.0   47.0   2.847203
124.0   51.0   0.1
125.0   49.0   0.251656
125.0   48.0   1.445887
125.0   50.0   0.0
125.0   47.0   3.260728
125.0   51.0   0.1
126.0   50.0   0.0
126.0   49.0   0.252122
126.0   51.0   0.1
126.0   48.0   1.447598
126.0   52.0   0.1
127.0   50.0   0.0
127.0   49.0   0.332895
127.0   51.0   0.1
127.0   48.0   1.448971
127.0   52.0   0.1
128.0   50.0   0.0
128.0   49.0   0.333347
128.0   51.0   0.1
128.0   48.0   1.450017
128.0   52.0   0.242397
129.0   50.0   0.0
129.0   49.0   0.35948
129.0   51.0   0.014373
129.0   48.0   1.448262
129.0   52.0   0.240731
130.0   50.0   0.0
130.0   49.0   0.334021
130.0   51.0   0.1
130.0   48.0   1.451169
130.0   52.0   0.243862
131.0   51.0   0.059112
131.0   50.0   0.1
131.0   52.0   0.244498
131.0   49.0   0.360047
131.0   53.0   0.308722
132.0   51.0   0.03562
132.0   50.0   0.0
132.0   52.0   0.245072
132.0   49.0   0.350124
132.0   53.0   0.360554
133.0   51.0   0.059298
133.0   50.0   0.0
133.0   52.0   0.24313
133.0   49.0   0.36031
133.0   53.0   0.545601
134.0   52.0   0.246043
134.0   51.0   0.035716
134.0   53.0   0.521599
134.0   50.0   0.0
134.0   54.0   0.967216
135.0   52.0   0.243978
135.0   51.0   0.059432
135.0   53.0   0.550655
135.0   50.0   0.0
135.0   54.0   0.942425
136.0   52.0   0.246788
136.0   51.0   0.011772
136.0   53.0   0.523834
136.0   50.0   0.0
136.0   54.0   0.97264
137.0   53.0   0.550298
137.0   52.0   0.244609
137.0   54.0   0.962655
137.0   51.0   0.1
137.0   55.0   1.508253
138.0   53.0   0.169162
138.0   52.0   0.247321
138.0   54.0   0.977121
138.0   51.0   0.1
138.0   55.0   1.484955
139.0   54.0   0.596594
139.0   53.0   0.10533
139.0   55.0   1.516424
139.0   52.0   0.1
139.0   56.0   2.134637
140.0   54.0   0.465227
140.0   53.0   0.1
140.0   55.0   1.008654
140.0   52.0   0.1
140.0   56.0   2.166442
141.0   54.0   0.282957
141.0   53.0   0.1
141.0   55.0   0.918628
141.0   52.0   0.1
141.0   56.0   1.664885
142.0   55.0   0.723918
142.0   54.0   0.175758
142.0   56.0   1.488732
142.0   53.0   0.1
142.0   57.0   2.260033
143.0   55.0   0.500767
143.0   54.0   0.1
143.0   56.0   1.272316
143.0   53.0   0.1
143.0   57.0   2.050586
144.0   56.0   1.165895
144.0   55.0   0.385422
144.0   57.0   1.936468
144.0   54.0   0.1
144.0   58.0   3.033766
145.0   56.0   0.917215
145.0   55.0   0.149443
145.0   57.0   1.826847
145.0   54.0   0.1
145.0   58.0   2.825678
146.0   56.0   0.685812
146.0   55.0   0.1
146.0   57.0   1.465528
146.0   54.0   0.1
146.0   58.0   2.58868
147.0   57.0   1.185031
147.0   56.0   0.417585
147.0   58.0   2.215472
147.0   55.0   0.1
147.0   59.0   3.179619
148.0   57.0   1.053063
148.0   56.0   0.072741
148.0   58.0   2.093308
148.0   55.0   0.1
148.0   59.0   3.094635
149.0   58.0   1.775307
149.0   57.0   0.716331
149.0   59.0   2.95605
149.0   56.0   0.1
149.0   60.0   4.179196
150.0   58.0   1.466565
150.0   57.0   0.717311
150.0   59.0   2.632398
150.0   56.0   0.1
150.0   60.0   3.71974
151.0   58.0   1.469086
151.0   57.0   0.567092
151.0   59.0   2.279598
151.0   56.0   0.1
151.0   60.0   3.56587
152.0   59.0   2.284336
152.0   58.0   1.296674
152.0   60.0   3.384925
152.0   57.0   0.391711
152.0   61.0   4.587222
153.0   59.0   2.128822
153.0   58.0   1.117382
153.0   60.0   3.235123
153.0   57.0   0.392028
153.0   61.0   4.425969
154.0   59.0   2.132385
154.0   58.0   1.118658
154.0   60.0   3.242345
154.0   57.0   0.209897
154.0   61.0   4.438455
155.0   60.0   3.064611
155.0   59.0   2.135544
155.0   61.0   4.267831
155.0   58.0   1.119734
155.0   62.0   5.727597
156.0   60.0   3.070209
156.0   59.0   2.138308
156.0   61.0   4.278017
156.0   58.0   1.120613
156.0   62.0   5.564438
157.0   60.0   3.075223
157.0   59.0   2.140686
157.0   61.0   4.076974
157.0   58.0   1.100739
157.0   62.0   5.579777
158.0   61.0   4.085043
158.0   60.0   3.079668
158.0   62.0   5.593959
158.0   59.0   2.122246
158.0   63.0   6.962255
159.0   61.0   4.070808
159.0   60.0   3.062577
159.0   62.0   5.376975
159.0   59.0   1.936326
159.0   63.0   6.962269
160.0   62.0   5.388439
160.0   61.0   4.077307
160.0   63.0   6.773801
160.0   60.0   2.851741
160.0   64.0   8.42493
117.0   46.0   3.542802
117.0   47.0   0.672702
117.0   45.0   7.104713
117.0   48.0   0.1
117.0   44.0   11.373314
116.0   46.0   3.191332
116.0   47.0   0.826438
116.0   45.0   6.792863
116.0   48.0   0.1
116.0   44.0   10.930497
115.0   45.0   6.43787
115.0   46.0   3.340516
115.0   44.0   10.589515
115.0   47.0   0.668986
115.0   43.0   10.910883
114.0   45.0   6.427067
114.0   46.0   3.176723
114.0   44.0   10.403551
114.0   47.0   0.821356
114.0   43.0   10.575242
113.0   44.0   10.390912
113.0   45.0   6.414441
113.0   43.0   10.394255
113.0   46.0   3.323209
113.0   42.0   10.546854
112.0   44.0   10.375408
112.0   45.0   6.399927
112.0   43.0   10.386436
112.0   46.0   3.313008
112.0   42.0   10.371083
111.0   43.0   10.375832
111.0   44.0   10.356934
111.0   42.0   8.561984
111.0   45.0   6.38346
111.0   41.0   7.176865
110.0   43.0   10.362336
110.0   44.0   10.335381
110.0   42.0   8.583121
110.0   45.0   6.519815
110.0   41.0   8.273104
109.0   42.0   8.601822
109.0   43.0   10.345846
109.0   41.0   8.325478
109.0   44.0   10.465927
109.0   40.0   5.765506
108.0   42.0   8.617981
108.0   43.0   10.481775
108.0   41.0   8.05464
108.0   44.0   9.547699
108.0   40.0   6.07201
107.0   42.0   8.631481
107.0   43.0   8.886042
107.0   41.0   8.07683
107.0   44.0   9.737295
107.0   40.0   5.852537
106.0   42.0   8.119493
106.0   43.0   8.863482
106.0   41.0   7.570001
106.0   44.0   9.306028
106.0   40.0   5.879634
105.0   42.0   7.858396
105.0   43.0   8.385391
105.0   41.0   7.273062
105.0   44.0   9.709775
105.0   40.0   5.624384
104.0   41.0   6.996896
104.0   42.0   7.617743
104.0   40.0   5.648922
104.0   43.0   8.857878
104.0   39.0   3.891249
103.0   41.0   7.04351
103.0   42.0   8.142008
103.0   40.0   5.385396
103.0   43.0   8.605515
103.0   39.0   3.918789
102.0   41.0   7.028305
102.0   42.0   7.876397
102.0   40.0   5.407356
102.0   43.0   9.256214
102.0   39.0   3.631591
101.0   40.0   5.711312
101.0   41.0   7.330255
101.0   39.0   3.657673
101.0   42.0   8.600261
101.0   38.0   2.375943
100.0   40.0   5.728043
100.0   41.0   7.590935
100.0   39.0   3.682478
100.0   42.0   9.046352
100.0   38.0   2.403231
99.0   40.0   5.98917
99.0   41.0   7.839497
99.0   39.0   3.988119
99.0   42.0   10.351774
99.0   38.0   2.401943
98.0   39.0   3.981138
98.0   40.0   6.212924
98.0   38.0   2.427613
98.0   41.0   9.656336
98.0   37.0   1.481055
97.0   39.0   3.97274
97.0   40.0   6.678592
97.0   38.0   2.697479
97.0   41.0   9.962959
97.0   37.0   1.506787
96.0   38.0   2.905787
96.0   39.0   4.208802
96.0   37.0   1.505854
96.0   40.0   7.942356
96.0   36.0   0.234746
95.0   38.0   3.183986
95.0   39.0   4.169734
95.0   37.0   1.761593
95.0   40.0   8.934762
95.0   36.0   0.515932
94.0   38.0   3.856361
94.0   39.0   4.904578
94.0   37.0   1.984045
94.0   40.0   9.441271
94.0   36.0   0.73901
93.0   37.0   2.839548
93.0   38.0   5.006909
93.0   36.0   1.166587
93.0   39.0   7.504743
93.0   35.0   0.1
92.0   37.0   3.213713
92.0   38.0   5.801815
92.0   36.0   2.128883
92.0   39.0   8.210211
92.0   35.0   0.992327
91.0   36.0   2.804095
91.0   37.0   4.081938
91.0   35.0   1.352879
91.0   38.0   7.1493
91.0   34.0   0.70661
90.0   36.0   3.107128
90.0   37.0   5.402208
90.0   35.0   1.685761
90.0   38.0   7.253412
90.0   34.0   0.83911
89.0   36.0   3.745896
89.0   37.0   5.669036
89.0   35.0   1.848595
89.0   38.0   7.220828
89.0   34.0   0.855166
88.0   35.0   2.267236
88.0   36.0   4.041973
88.0   34.0   1.0127
88.0   37.0   5.797608
88.0   33.0   0.049707
87.0   35.0   2.83909
87.0   36.0   4.548887
87.0   34.0   1.428023
87.0   37.0   5.772622
87.0   33.0   0.20651
86.0   34.0   1.665032
86.0   35.0   3.230563
86.0   33.0   0.619812
86.0   36.0   4.532453
86.0   32.0   0.1
85.0   34.0   2.050715
85.0   35.0   3.388295
85.0   33.0   0.868581
85.0   36.0   4.551594
85.0   32.0   0.10653
84.0   34.0   2.383034
84.0   35.0   3.458246
84.0   33.0   1.066775
84.0   36.0   4.49277
84.0   32.0   0.214166
83.0   33.0   1.459226
83.0   34.0   2.507407
83.0   32.0   0.422012
83.0   35.0   3.314104
83.0   31.0   0.1
82.0   33.0   1.702774
82.0   34.0   2.313844
82.0   32.0   0.869894
82.0   35.0   3.176181
82.0   31.0   0.1
81.0   33.0   1.313445
81.0   34.0   1.73399
81.0   32.0   1.046694
81.0   35.0   2.766287
81.0   31.0   0.363825
80.0   32.0   0.860971
80.0   33.0   0.836594
80.0   31.0   0.540089
80.0   34.0   1.623845
80.0   30.0   0.055272
79.0   32.0   0.398979
79.0   33.0   0.833675
79.0   31.0   0.356978
79.0   34.0   1.729206
79.0   30.0   0.210128
78.0   32.0   0.200677
78.0   33.0   0.841926
78.0   31.0   0.1
78.0   34.0   1.71972
78.0   30.0   0.103366
77.0   31.0   0.1
77.0   32.0   0.301205
77.0   30.0   0.001454
77.0   33.0   0.838001
77.0   29.0   0.1
76.0   31.0   0.1
76.0   32.0   0.300049
76.0   30.0   0.1
76.0   33.0   0.833557
76.0   29.0   0.1
75.0   30.0   0.1
75.0   31.0   0.1
75.0   29.0   0.1
75.0   32.0   0.403482
75.0   28.0   0.1
